500
377509474
920
1197421764
4
652332
641
4
7556536000
1327
7192
20039452
435356978
6091625747
9195009
754074
9737735
908075
983378618
43
982438130
3076
213799203
742544637
563
74802
6681696124
20689979
2046
641770399
111792629
30007
4286625
623
99036
987
71328
7404
142043916
14
1401800602
5950121156
394353
5833096119
4552446
47
687658
1612881009
222380
472231552
3513409623
1011
846646807
96
308
26040485
564843
1
3892309495
984
216243076
1010435943
1546045
2088435806
8631503
70
8695
709
8391041
5
9730808429
55778
731250902
64
45621
98737481
5922143856
267
537612
59859509
3804516
39028
86
3677
22154991
37865
3802
6
84956508
589
7701923249
3
828644507
78767258
102538
421261
367500995
566
65
9
99885
482478136
703
38
5721613284
8
27618105
709880
499
9434021198
52918875
649904
3407428
393895
15470
824
780035
2479668
10
360553
183178955
273
48399274
6631472793
8549
8424075
1
824380
74
115307
1913816
198
948
7930834
51122025
368068
63124287
4946
56953
7008
46750132
714
65355
69152
59440
91983393
1126086
4009885
413848064
994768
737829519
16
9110
36246097
666
10044377
4619865822
10322
94404
938704580
5067
62
1728
21641072
20344434
1
253
7380532
372
5289088
2
57353398
92312478
2444504
142
6523
958
5519197507
4028
9983
85358
34435
90
100457118
42225875
92
8876
49
399
85330950
584650658
5681419
855866
544
620915370
566230
774
61
17
500924741
199047744
437187
2146330213
247082
408002198
2308
1
1733894
8
33313136
5352213
74812705
310912492
7
32652725
94294834
49270
513151252
3
5
91690
9
4
1814055
4329
56175565
765270849
391
388016089
3742499
385583103
611013158
5471848
8110014548
655
976334
2893760
86107654
8917068092
159
8411992
433155534
95
88922727
2196
131415
556654083
456209537
9871736563
12099
988
4546781839
2
24
219851
291926812
58142560
75
589471229
10359
984784443
4959
85307378
5895909
93319041
875887
274
62115856
1817373
695460716
410963660
116
955925976
700347043
27569
40
3598
7149
7379
79371
813939
9
61163
26289
8610773
311554310
27
710116670
291319
41241808
8
132076316
487
795
426
72
75613
51082
75
51
66944912
734516507
998232220
646094879
2263
29
87027504
54451
247053185
826293
38
8409
79015
333
7635
5
8824947
324851286
82683615
928796
3
9934642
15684303
622428
874
26
1463333979
7102550493
93
40184
8522497
1086423755
78
406042791
395
9027740
557077
762840697
5512492
99422918
31
96989
123
3105289
3114
3673197
32921
216647
1581031328
65601
1062416784
557
4477945
11218313
43
712729635
26366
580
762694434
4634
969904231
96598970
2954440758
946025
16710444
5541269
38
6
950
28653431
79479
1836
979708362
961869394
6274348880
903822095
20
56996
928786
4316515
34971684
39897682
392842790
2
77392
4254550
4574424078
41032484
3624629639
6126
3672589281
6913
4
517208543
6520
6252458
7735125
986075
60
10
65959
91
218228147
6647
208204
198592
87
85674581
43694
55834
773646145
52473
2905757
62450
4783997567
458223
5
53516
96085
39893
82090145
44807
6527975
9590
144370516
8528
38023
934
29301266
75
1707
761397
7406100
1
798
222149380
10289920
52631421
9301
7
20
8972946
33984
69674671
5831
59
501
63267
836063947
14
39267
81816278
605250204
98178
7687137
135
40262204
16958299
66
53646
637824
841
3294776
41231005
1
37504106
441
73
1977605
115555
2601545463
780558429
87310
5
404752639
254124
93596
579818
57
3
656054823
68924
8604
569903104
922281419
635003
6
25336
8369101
56327
9908468
1
93187304
5
69
5669628
738
5927591
8184676057
34584
7142
7
93
8865092
700217327
80248364
375615
9
8463287265
540
5999
65
2650
47957681
8
5
9590
8955
572
302478738
11
283
40
49772
9226439
65
4076858
220788
38
27
72048
3816
12
946701
9
99791992
107404
811940338
3001605844
2803
9085
31243973
737485
304559
138
987480
4670
65
94
4
53
37480
2256357774
542
7043822
189731782
34518
544105
5
8846354
3
990477
7327
22
1143153934
3
382934892
4299972
778376
70425
90638
8851
84
6221715
7829
82714
863260044
6599730
840532
58788582
17
5481917
44
3
282970506
90303576
556
3646
51882
6786014
2162994514
916
5097756524
4339
9812
2445
8371640
8
9231089964
91890
727
524862
63
539648157
5675
3
2122
5051
6
25128546
473943
784183258
52268
906571
1769564
616835284
562083569
149032580
6352
6
72
2759158430
58685719
29857995
8
2643366401
644
7896154688
51744
620987803
41
77
94
69703
8131983593
94
262
157
663
8180235
395
52328185
1
38571
3615739
9
8590
5699
8851693301
6160
132
34
5
7
1166437
436692874
85
1
51143
2
898
4
63
242243
6
43267808
261486113
538
9568303172
7537077475
702995
262011
10035636
336
41160460
4098295
2417470
181181459
3073
932931
9750
2052
3052484
494
30875
1428005
6867034
1
87581816
2
34344092
3509018
74
9320618932
739769507
96116
33068668
8850517
9
284
846991602
6
509282
56
81
921
253957
5
1
2
6516971
2080305
85178513
63
3473193527
4
53
40353
480
8376
7589134343
4051
248552
735
8539929993
845233314
6993
418704
825
987795426
873114
93326719
274990
5698483
8112715
18457564
398973754
478
975127
588663970
5293887
8864768265
48800725
9
690148
6
723
7732
311
6
8508
49896996
50294422
225
9486860
80364
94769388
3927731521
8736
2087
49681
450
814434
9
8333
375
63
48
645075
56
720
7849570
80669
208658
71280
783906
7149
8889750
25776126
668374676
7
534
409113698
80
8613
4274
28099806
43380908
515054
773
47688
8680264495
2350462407
647621596
403
55493325
824
35071251
1755474304
2054
84221778
68998885
48
29982219
7746
388
9043430435
8812899153
8046053497
203
155543
9006052543
24175743
19571
747
519
975195645
818826
13413
8928
100
63083517
2870
747010176
139514114
447
9
3763975360
557674
285668954
9264430
88294677
66261087
69990176
1496
6
9172026
96459282
948010603
3981962938
94
2634318
327001
279183
5652
2289159
33882586
4
973143
32
5093648900
6527
8
617613
84
7544973
9785
2846032325
910
8
8891957
957604656
7269
80
5712891
853470
2878408
516
98430455
59
3023
87949
4362471
45
952
6036260
920
3579
3156107968
8
169
5360317108
9037677
165
88
2612
62
940976685
1
601036
96461
84839
282625229
5668034
875038
279178564
92256
2393081455
17296902
9208813027
3946116
995130033
51820060
26
42261517
6986
2
8864524
8790304405
58266
181
85
653497036
969767474
5145
4727
6
35
124376
222445043
8667310558
981
7199
1851
5354922
82
39
64192
22
4874189
1298
94711752
501223
29684141
383
461
5136407783
4
73176873
9218
233023
32
22
813721
4040543126
691788
96214321
583342
1173923
5235470
259023310
72
224585
5
5528941827
324
90
842261
899686
7237771786
3926
995
3
839
73121
40349057
487438614
1
62386
402433132
9421004
16321
346289
6657
2
96646
103434524
7677657
45848477
6615227751
1279020
5571
5
78671911
139
22032
3914169137
5085
1944
46454
26418593
899801
365204
81
721744
8906127069
1922940
32261
8484684
898685
8
